0.0;0.0	0.0;0.0	0.0;0.0	0.0;0.0	0.0;0.0	
0.0;0.0	0.0;0.0	0.0;0.0	0.0;0.0	0.0;0.0	
0.0;0.0	0.0;0.0	0.0;0.0	0.0;0.0	0.0;0.0	
0.0;0.0	0.0;0.0	0.0;0.0	0.0;0.0	0.0;0.0	
0.0;0.0	0.0;0.0	0.0;0.0	0.0;0.0	0.0;0.0	
0.0;0.0	0.0;0.0	0.0;0.0	0.0;0.0	0.0;0.0	
0.0;0.0	0.0;0.0	0.0;0.0	0.0;0.0	0.0;0.0	
0.0;0.0	0.0;0.0	0.0;0.0	0.0;0.0	0.0;0.0	
0.0;0.0	0.0;0.0	0.0;0.0	0.0;0.0	0.0;0.0	
0.0;0.0	0.0;0.0	0.0;0.0	0.0;0.0	0.0;0.0	
0.0;0.0	0.0;0.0	0.0;0.0	0.0;0.0	0.0;0.0	
0.0;0.0	0.0;0.0	0.0;0.0	0.0;0.0	0.0;0.0	
7.62662274718248;0.0	7.706650348470391;0.0	8.342436698815318;0.0	7.967328528569487;0.0	7.955459050865398;0.0	
8.286635708243926;0.0	8.878594803402528;0.0	8.93580481749249;0.0	8.32366410801491;0.0	8.583577940921888;0.0	
7.090356747456069;0.0	8.15794858471731;0.0	7.993965636737749;0.0	7.477477647912024;0.0	8.18602794675655;0.0	
7.295253295761227;0.0	9.168911455782773;0.0	8.34490207184156;0.0	8.456801212563308;0.0	8.677291386598794;0.0	
7.988891307752371;0.0	8.128271819390251;0.0	8.005913007624258;0.0	8.346278142238168;0.0	8.312944442346454;0.0	
5.7500345224883045;0.0	7.819986448714912;0.0	7.4410261100236115;0.0	7.63838228044172;0.0	7.654575374273628;0.0	
7.785998956400186;0.0	8.615832432215258;0.0	9.126100244175857;0.0	8.718565518497753;0.0	8.944351167562239;0.0	
7.949064743067476;0.0	8.24964828018954;0.0	8.100694585528158;0.0	8.095054856691132;0.0	8.43436135706968;0.0	
7.97311917520166;0.0	8.516154595344505;0.0	8.41380532659804;0.0	8.405246460195528;0.0	8.57226021047159;0.0	
7.430492501746335;0.0	8.550380529372635;0.0	8.902825994158267;0.0	8.607020812992836;0.0	8.418916069368674;0.0	
7.432788961182006;0.0	7.820124955792271;0.0	7.813617995114367;0.0	7.2761950523684265;0.0	7.758526914585104;0.0	
7.504576167953797;0.0	8.783188722160746;0.0	8.413946531994563;0.0	8.411907014195126;0.0	8.589027947078742;0.0	
7.579453020922691;0.0	8.23664753856006;0.0	8.252379722284156;0.0	8.163970203050965;0.0	8.291923096619806;0.0	
7.6229301211274745;0.0	8.20150482446698;0.0	8.207016763770298;0.0	8.193385681440581;0.0	8.208203390353699;0.0	
7.3876753861404145;0.0	9.088824874628752;0.0	8.619699564416624;0.0	8.699965329494118;0.0	8.898267619415176;0.0	
7.257391508798481;0.0	8.00225514081262;0.0	7.605347849048622;0.0	7.664339521998888;0.0	7.844820958386789;0.0	
8.159433006974876;0.0	8.787186490441979;0.0	8.493612928939267;0.0	8.618485290486419;0.0	8.53611885829489;0.0	
7.143805887626605;0.0	8.768426977215519;0.0	8.307640752949874;0.0	8.656930601038779;0.0	8.747310702768587;0.0	
5.430960575528179;0.0	7.929535543530001;0.0	8.077021920848791;0.0	8.044788485928736;0.0	8.028142222061591;0.0	
8.04044356376021;0.0	8.822888890109146;0.0	8.559695334270005;0.0	8.684681055694767;0.0	8.67650712169281;0.0	
7.461585017156203;0.0	8.586304662798796;0.0	8.364544545234583;0.0	8.314561694323027;0.0	8.359313946233856;0.0	
5.78047558579512;0.0	7.989952188053176;0.0	8.082408023565433;0.0	7.964814545395428;0.0	8.144662870088593;0.0	
8.401061223877937;0.0	8.877582724449512;0.0	8.583215458385403;0.0	8.498331461069533;0.0	8.894074348885203;0.0	
7.804607865665457;0.0	8.43621262838883;0.0	8.151963830358191;0.0	8.095054249008902;0.0	8.317469017726474;0.0	
7.910117510874299;0.0	8.966338461448348;0.0	8.615104916566322;0.0	8.726081333657344;0.0	8.742931857587724;0.0	
7.191538667747475;0.0	8.796349942584488;0.0	8.4476546379483;0.0	8.35041765947305;0.0	8.549839082326068;0.0	
6.952171513124369;0.0	7.65602941514474;0.0	7.45957282111298;0.0	7.626501027436418;0.0	7.835769432497773;0.0	
8.728084615269198;0.0	8.978019850728892;0.0	8.724594483506918;0.0	8.729911695328367;0.0	8.905566872269048;0.0	
7.779933930589984;0.0	8.328885097023921;0.0	8.26186616162118;0.0	7.987462503861051;0.0	8.269489418556578;0.0	
8.44951235056131;0.0	8.603007634868101;0.0	8.368306078602686;0.0	8.510679797804935;0.0	8.736566538084844;0.0	
7.466645024050773;0.0	8.584727374253438;0.0	8.581266257768707;0.0	8.680817727368634;0.0	8.623358197119714;0.0	
6.579137793340517;0.0	7.885237623159625;0.0	7.986023181513588;0.0	7.468335420586482;0.0	8.069939492813429;0.0	
3.7800499850434166;0.0	8.672677781767996;0.0	8.620270205813723;0.0	8.527826666425776;0.0	8.371763474171088;0.0	
8.052858397231049;0.0	8.443685860146543;0.0	8.385579039442101;0.0	8.020779303710661;0.0	8.488373212813471;0.0	
7.77053554646542;0.0	7.59314356908843;0.0	7.7116151761027885;0.0	7.535906969664854;0.0	8.075532415707555;0.0	
6.110014832061659;0.0	8.821941143957117;0.0	8.4834712393132;0.0	8.68053115606891;0.0	8.580471180895442;0.0	
6.030175987737871;0.0	7.943149321426576;0.0	7.825349268656894;0.0	7.850612664884467;0.0	7.911544579410778;0.0	
8.142152731283195;0.0	8.244225448184949;0.0	8.275210188602511;0.0	8.412053966231923;0.0	8.49232684944354;0.0	
7.187017421423493;0.0	8.613483417192846;0.0	8.513842014988994;0.0	8.547641625503447;0.0	8.651030661126999;0.0	
4.08240824987186;0.0	8.355374477429464;0.0	8.207242653887942;0.0	7.971985251975748;0.0	8.020979656626707;0.0	
8.230607906144732;0.0	9.180595359812761;0.0	8.93919473831659;0.0	8.714858596999914;0.0	8.892295767368278;0.0	
7.247433153155923;0.0	8.948537634625323;0.0	8.752547725770498;0.0	8.872699388079319;0.0	8.975493160644866;0.0	
5.591706454382884;0.0	8.947009500177295;0.0	8.680593100136177;0.0	8.667396559023153;0.0	8.986286222207191;0.0	
8.084805795880094;0.0	8.874994679906234;0.0	8.847846939934673;0.0	9.024704331744736;0.0	9.229857160710113;0.0	
8.10208828887581;0.0	9.171249116894769;0.0	9.096048249831279;0.0	8.944898531254339;0.0	8.92136972485498;0.0	
7.626898772279053;0.0	8.814902951531284;0.0	9.004900398333254;0.0	8.920423483105251;0.0	8.764116249752702;0.0	
8.13881168350475;0.0	8.884002461041176;0.0	8.730850273293802;0.0	8.854687342905592;0.0	8.886471082243315;0.0	
8.859147851802781;0.0	8.774816526992732;0.0	8.614855525941993;0.0	9.093998332270498;0.0	8.947300326248657;0.0	
8.159542210449548;0.0	8.815466163969061;0.0	8.652054682006373;0.0	8.842959026918557;0.0	8.86769949270061;0.0	
8.639484366784327;0.0	9.132762735630838;0.0	8.9056512614433;0.0	8.877871962087989;0.0	8.941564131319092;0.0	
7.757690301759226;0.0	9.137823875941894;0.0	9.033241338869015;0.0	9.118158163883091;0.0	8.942060736292698;0.0	
8.839806046812313;0.0	8.843424697084039;0.0	8.896725581350983;0.0	8.87960158832657;0.0	8.821225632152903;0.0	
8.36755378560747;0.0	8.798240800023242;0.0	8.80433029291803;0.0	8.637027023670434;0.0	8.932166414649515;0.0	
8.438628309838576;0.0	8.830460138224094;0.0	8.74308763219945;0.0	8.9677742894733;0.0	9.039751457282247;0.0	
8.809159679435421;0.0	8.792439395310776;0.0	9.131510070305463;0.0	9.053022256520268;0.0	8.82593254932242;0.0	
8.08660909290581;0.0	9.169463134912586;0.0	8.955184684055514;0.0	8.71960313257531;0.0	9.064238772503087;0.0	
8.697735890329724;0.0	8.866656846589814;0.0	9.04117037836743;0.0	8.842429183059652;0.0	8.920652117517283;0.0	
6.822317078367818;0.0	8.926363350519662;0.0	8.938539049684351;0.0	8.616394226234206;0.0	8.693484989655348;0.0	
7.734260691700343;0.0	8.989746516579105;0.0	9.173628835605983;0.0	8.909183558728428;0.0	8.821724163675709;0.0	
8.260797424450345;0.0	9.15784793119928;0.0	9.183392944195466;0.0	8.755268523933761;0.0	8.927695448240582;0.0	
8.265016205634048;0.0	9.33086152511276;0.0	8.70937696939681;0.0	8.958395006226173;0.0	9.170080421943911;0.0	
7.841729543364435;0.0	9.013229960173533;0.0	9.362640730452451;0.0	8.754795949600247;0.0	8.919543064699916;0.0	
7.1775639428939275;0.0	8.959871856362003;0.0	8.93652757549036;0.0	8.761232875142051;0.0	9.025239805806407;0.0	
7.986920448804212;0.0	8.676848367205602;0.0	9.136305827142849;0.0	8.877890252601924;0.0	8.890780939737816;0.0	
7.540905395484074;0.0	9.583130302037342;0.0	8.768549000907422;0.0	9.162588988799527;0.0	9.05171464900091;0.0	
8.630124033201966;0.0	9.008764478448647;0.0	8.905317980389242;0.0	8.75803747996728;0.0	8.813812357008684;0.0	
8.559612364799289;0.0	9.145661060901464;0.0	8.816810220328176;0.0	8.98872371410477;0.0	8.83361303188891;0.0	
7.912032917913907;0.0	8.835878366152416;0.0	8.71367778547492;0.0	8.983125472018227;0.0	8.93149440293659;0.0	
8.639529592467184;0.0	8.765380001247166;0.0	8.65011647113408;0.0	8.874601568032674;0.0	8.992413686961815;0.0	
8.077051078723624;0.0	8.72291635503268;0.0	8.919306672786789;0.0	8.696181873728289;0.0	9.06242886943466;0.0	
8.623685022058055;0.0	8.647810353813774;0.0	8.78052458722419;0.0	8.760656885360751;0.0	9.151301895533278;0.0	
6.585407888384275;0.0	8.85353911112837;0.0	8.70769430465594;0.0	8.940323214997457;0.0	8.804967353536071;0.0	
8.362236728245223;0.0	9.026097457947323;0.0	8.88407412452122;0.0	8.958695468401514;0.0	8.990580001554845;0.0	
8.077481724316302;0.0	8.841733635978056;0.0	8.876280318691432;0.0	8.97953977166073;0.0	8.876849125785897;0.0	
7.509438435614409;0.0	8.701608482927284;0.0	8.90140291014373;0.0	8.883764712521423;0.0	8.921355115117207;0.0	
7.641562461238028;0.0	8.919658026653194;0.0	8.797334726177958;0.0	8.859604885239857;0.0	8.89432449029419;0.0	
7.626285186186479;0.0	9.016465000388918;0.0	8.914989398686219;0.0	8.6741285421323;0.0	8.915930050915577;0.0	
7.384334539930428;0.0	8.65478238052067;0.0	8.720601679096577;0.0	8.942657429231122;0.0	9.117351936709218;0.0	
8.118032884436463;0.0	8.682529210055998;0.0	9.100626023335836;0.0	8.932105068553506;0.0	8.88692559034029;0.0	
7.80988609240864;0.0	8.717074758295398;0.0	8.774804897883998;0.0	8.897932525266217;0.0	9.163653178650057;0.0	
7.990081187678017;0.0	8.772740109193945;0.0	9.153661080760008;0.0	8.961628274056086;0.0	8.944928037857172;0.0	
7.134945773389279;0.0	9.011812434613523;0.0	8.77850567378888;0.0	9.15049812514472;0.0	8.993385247346215;0.0	
7.5338926604947165;0.0	8.951276377730762;0.0	8.657737886621128;0.0	8.793957418633221;0.0	8.940699946013819;0.0	
7.438494377679052;0.0	8.954170194506332;0.0	8.63852645898243;0.0	8.970090467674975;0.0	9.029871141972444;0.0	
6.104779197289658;0.0	8.49327691314057;0.0	8.80380603493972;0.0	8.958442089702999;0.0	9.025947732055862;0.0	
7.596210298330736;0.0	8.843691971738938;0.0	8.691472794120326;0.0	9.034277426828165;0.0	8.915083457924956;0.0	
8.481642007527494;0.0	8.893064494585442;0.0	8.775173784189015;0.0	8.857310232328704;0.0	8.991766032653794;0.0	
7.934394963922531;0.0	8.724124838608834;0.0	8.643836936367446;0.0	8.932876766378806;0.0	9.017118676421788;0.0	
7.89679393594668;0.0	8.984568112187864;0.0	8.682132042046833;0.0	8.939670965308082;0.0	8.884426430156363;0.0	
8.581153708872023;0.0	9.15014896141889;0.0	8.946649525569944;0.0	8.934957478444863;0.0	9.250889266108453;0.0	
7.971124328649069;0.0	8.964131108667939;0.0	8.72234752708183;0.0	8.98035475146435;0.0	9.030180343112033;0.0	
6.911430481415987;0.0	8.91533496009227;0.0	8.942625229280534;0.0	8.832596883467852;0.0	8.963189963981987;0.0	
7.458853500027934;0.0	9.135026994798807;0.0	9.033888385097717;0.0	9.172424913634138;0.0	9.43874665915304;0.0	
7.090329069047904;0.0	9.28895626305313;0.0	9.050156869766484;0.0	8.829854214694668;0.0	9.165700570096535;0.0	
8.414150508384528;0.0	8.98134419604935;0.0	9.11573287645772;0.0	9.31635386413905;0.0	9.033458812653524;0.0	
8.232464584349206;0.0	9.33210633578293;0.0	9.753314595787442;0.0	9.23073763135076;0.0	9.079136910944811;0.0	
7.203005406361859;0.0	8.767444379967959;0.0	8.561204874339698;0.0	8.70106308825024;0.0	8.813018075222116;0.0	
8.774147285205402;0.0	9.801239020056412;0.0	9.106435545667503;0.0	8.92779784572796;0.0	9.02002794724971;0.0	
8.078837430484274;0.0	9.101564286246331;0.0	8.718691514114738;0.0	8.91569924572107;0.0	8.909625416834304;0.0	
7.857434264784869;0.0	8.920617465662165;0.0	8.658209389292342;0.0	8.72467051802523;0.0	8.84016613824749;0.0	
7.66812358448386;0.0	9.1760426971883;0.0	9.370508407105254;0.0	8.555248157816234;0.0	8.556910180404529;0.0	
7.939967254266708;0.0	8.690158528622694;0.0	8.688233966057838;0.0	8.661088200844729;0.0	8.88756080942593;0.0	
6.465865362133279;0.0	8.59313036542326;0.0	8.915589064440262;0.0	8.35967832100965;0.0	8.641830459838486;0.0	
6.288556242511605;0.0	8.524921817608782;0.0	8.46246685483121;0.0	8.391128526719783;0.0	8.521792506551549;0.0	
8.377461704512413;0.0	8.816512797780383;0.0	8.56718578220891;0.0	8.670482994061844;0.0	8.714859687131838;0.0	
6.407140349138129;0.0	8.500474819688156;0.0	8.003481522544021;0.0	7.875382603913389;0.0	8.183667995696002;0.0	
7.001583518103174;0.0	8.896259433944516;0.0	8.89468876768728;0.0	8.869491965598185;0.0	8.593578616232211;0.0	
7.153304443684269;0.0	8.445608672197443;0.0	8.639994729982611;0.0	8.387774994415437;0.0	8.611133278954096;0.0	
7.807823571887686;0.0	7.953635620814132;0.0	7.762609312839033;0.0	7.945551297313311;0.0	8.068351696054904;0.0	
7.105022869369515;0.0	8.996047258726326;0.0	8.530448839277472;0.0	8.516635578631229;0.0	8.610423271219423;0.0	
6.9025373755583646;0.0	8.278082767673007;0.0	7.622003032044353;0.0	7.651181816896738;0.0	7.84764516397115;0.0	
6.771324759995501;0.0	8.589330648730144;0.0	8.284662095854593;0.0	8.40483847823804;0.0	8.87056047800735;0.0	
8.08950011369102;0.0	8.71299398779379;0.0	8.822633089758478;0.0	8.455631417182149;0.0	8.715994067712192;0.0	
7.17587823974185;0.0	8.08977785215968;0.0	8.14480957526222;0.0	7.887836629736767;0.0	8.333727830446318;0.0	
8.096105579210114;0.0	8.853994082115783;0.0	8.548225655222026;0.0	8.523845225318873;0.0	8.858069824814665;0.0	
7.55327992856358;0.0	8.12397215509121;0.0	8.25336488368769;0.0	8.181766536525052;0.0	8.336072019289315;0.0	
7.796486469078072;0.0	8.13377357866147;0.0	8.214545935624617;0.0	7.940902876708601;0.0	8.337152019449551;0.0	
6.823299333430572;0.0	8.594801738423286;0.0	8.564341089124449;0.0	8.42997469787824;0.0	8.654836417816977;0.0	
6.9719769148033235;0.0	6.984511727444339;0.0	7.180767820472359;0.0	7.358145505715437;0.0	7.463987599858954;0.0	
7.243055159919255;0.0	8.77855340200215;0.0	8.36035841320338;0.0	8.563417544506672;0.0	8.455301729704477;0.0	
7.945392257339473;0.0	8.393060483385367;0.0	8.327653327402754;0.0	8.21768053469257;0.0	8.334920150622011;0.0	
7.004808008454295;0.0	7.053510113442513;0.0	6.924635612993612;0.0	6.811425857433121;0.0	7.300140990936861;0.0	
8.329278422241796;0.0	8.586320708487118;0.0	8.959144440181309;0.0	8.951020721662715;0.0	8.879350240462035;0.0	
7.269563679882289;0.0	8.390138512409946;0.0	8.397204918176271;0.0	8.49716551603417;0.0	8.216478332544916;0.0	
8.486204799539058;0.0	8.654203484604999;0.0	8.431595695069962;0.0	8.626395020578391;0.0	8.664323135597304;0.0	
8.871570682126295;0.0	8.728617449186798;0.0	8.752492382965466;0.0	8.764950380689447;0.0	8.854936410834524;0.0	
9.112920846870965;0.0	8.701356693352004;0.0	8.573527748037884;0.0	8.917582022343268;0.0	8.832478051958544;0.0	
7.929356458241222;0.0	8.855670657347385;0.0	8.82265322218924;0.0	9.1933629306715;0.0	9.216784213492444;0.0	
8.019763720038403;0.0	9.02730845807723;0.0	9.13848418860372;0.0	8.887155786992386;0.0	9.08351153339777;0.0	
8.629266361918301;0.0	8.654087562932597;0.0	8.961910874763918;0.0	8.789007614193691;0.0	9.021929667810712;0.0	
8.6151353709055;0.0	8.894654191784143;0.0	8.859030193678231;0.0	8.914829440559568;0.0	8.869582205234387;0.0	
7.836137436022439;0.0	8.809198591143844;0.0	8.856242819951154;0.0	8.884680242296911;0.0	8.994161967084054;0.0	
7.8128160345126485;0.0	8.669374370976229;0.0	8.717716029564405;0.0	8.757227811063345;0.0	8.768695769796432;0.0	
7.639390871610125;0.0	9.180812327551672;0.0	8.776049287312702;0.0	8.897337562572078;0.0	8.946237842656103;0.0	
8.611244427188323;0.0	8.907107163807677;0.0	9.118165457470385;0.0	8.942654165742283;0.0	8.829435098027968;0.0	
8.403176102778282;0.0	8.722418304628352;0.0	8.912231466562359;0.0	8.84150208313904;0.0	8.904317380948743;0.0	
7.638620921227981;0.0	8.967051723499255;0.0	8.818645548987403;0.0	8.739931136948476;0.0	9.055633986481437;0.0	
8.403119514523173;0.0	8.955621760636332;0.0	8.914207542548326;0.0	8.806374894742248;0.0	8.976274670367625;0.0	
7.6681952285313235;0.0	9.055785540779533;0.0	8.933742095782128;0.0	8.57241605080982;0.0	8.766822387409295;0.0	
8.352327628468005;0.0	9.45493365437173;0.0	8.89111459400946;0.0	8.830220904259717;0.0	8.922278340661116;0.0	
8.012360020949668;0.0	9.069746186101863;0.0	8.908482883527634;0.0	8.798175891234004;0.0	8.950157116561197;0.0	
7.163221034060826;0.0	9.512515689088639;0.0	9.253886172416744;0.0	8.869544102257336;0.0	8.993881823059889;0.0	
7.411874167568052;0.0	9.190328915922462;0.0	9.347287020078976;0.0	9.245102189831801;0.0	8.994258273859357;0.0	
8.385453771309455;0.0	8.855844621037189;0.0	8.858206431011666;0.0	8.79588706659373;0.0	8.796565437758955;0.0	
7.065961569585587;0.0	9.138431949816;0.0	8.749711994165093;0.0	8.866443016342796;0.0	8.859170616026256;0.0	
8.508061547134385;0.0	8.77523201112106;0.0	8.776723694698429;0.0	8.723773229233625;0.0	8.858751809085069;0.0	
8.089407870678837;0.0	8.660980928410002;0.0	8.848587531563913;0.0	8.8770107497775;0.0	9.026586653546905;0.0	
7.867282243097188;0.0	9.309914855790671;0.0	8.618992785392553;0.0	8.854583507406996;0.0	8.717713435856918;0.0	
7.700357165445925;0.0	8.97260694941605;0.0	8.665891042737838;0.0	8.879592706010646;0.0	8.954838259487676;0.0	
8.065158573864679;0.0	9.279172542358275;0.0	8.762402704532912;0.0	8.68460485738236;0.0	8.96837452987678;0.0	
7.775380727876474;0.0	9.210304308815893;0.0	8.62744632614219;0.0	8.780583246865433;0.0	8.861251733871919;0.0	
7.541972122499282;0.0	9.085507793518081;0.0	8.75955522645588;0.0	8.726870779735455;0.0	8.975011652571014;0.0	
8.021946356247698;0.0	9.433679780101322;0.0	8.77549226677992;0.0	8.76490679083063;0.0	8.93019885766209;0.0	
7.914110741639494;0.0	9.474812797565948;0.0	9.136556745391413;0.0	8.837561347316223;0.0	8.795055582222517;0.0	
6.805246683726613;0.0	9.390306719703077;0.0	9.175484865990521;0.0	8.950857313343374;0.0	8.910047303381758;0.0	
8.184225980543394;0.0	9.069318960843807;0.0	8.914779046374749;0.0	8.81654797383865;0.0	8.925785638990947;0.0	
7.953024508770175;0.0	8.75080952717878;0.0	8.97809070727601;0.0	8.879017189385795;0.0	8.868972159484636;0.0	
8.207932000177347;0.0	9.088105198693382;0.0	8.67133488938879;0.0	8.71822951989959;0.0	9.088574217117683;0.0	
8.327628868681701;0.0	8.963767133811869;0.0	8.970719815998956;0.0	9.084730640099453;0.0	8.96962044933329;0.0	
8.482729728034343;0.0	9.664005064962204;0.0	8.970545002101911;0.0	8.699725784957145;0.0	9.009497331583338;0.0	
7.9705066850180994;0.0	9.280751091745168;0.0	8.934169953615893;0.0	8.981509285526576;0.0	8.89552290581207;0.0	
8.253451317599504;0.0	8.971241175644185;0.0	9.037992642498956;0.0	8.751157022676963;0.0	8.770076673454758;0.0	
8.027253186259875;0.0	9.759107568084925;0.0	9.007139095622113;0.0	8.821998741437953;0.0	9.094834425998185;0.0	
7.808353274646706;0.0	9.744707333290664;0.0	8.643090337214767;0.0	8.911664401499152;0.0	8.95069667873196;0.0	
8.006550558984625;0.0	10.080140831337;0.0	9.310354445937175;0.0	8.79014552128831;0.0	8.79010223053592;0.0	
7.2923459802625406;0.0	9.85528921533313;0.0	9.407766447160103;0.0	9.130663571013196;0.0	9.006895074709757;0.0	
7.4528512934014035;0.0	9.054841292140628;0.0	9.01997023701862;0.0	9.068489262733424;0.0	8.982525087927446;0.0	
8.047491516468618;0.0	10.086067310864493;0.0	9.515058002192093;0.0	8.884670440709524;0.0	8.899446200339677;0.0	
8.353949066434698;0.0	9.697005499263344;0.0	9.57106404580963;0.0	8.870760550554682;0.0	8.992463369278868;0.0	
8.950348597273255;0.0	9.403225474249227;0.0	8.839632911598086;0.0	8.676073974915504;0.0	8.886838408246307;0.0	
7.517358641289687;0.0	9.138594147791549;0.0	8.998925004813275;0.0	8.819703302672474;0.0	8.974319608111657;0.0	
7.981051392299549;0.0	8.882460790750887;0.0	8.934954418388275;0.0	8.715018038075364;0.0	9.029103668311679;0.0	
6.207200228696961;0.0	8.752484286277053;0.0	8.761333710816736;0.0	8.843750364913436;0.0	8.833875477520412;0.0	
6.79705334113872;0.0	9.128166884696823;0.0	8.755024703132595;0.0	8.818015502463998;0.0	9.024594932883907;0.0	
7.747191606835524;0.0	9.071726023064432;0.0	8.72247996868492;0.0	8.892137267828907;0.0	9.224023591932044;0.0	
7.388220612714808;0.0	8.834534615016265;0.0	8.941507574558125;0.0	8.841145581445694;0.0	9.021933257100901;0.0	
8.402911127143366;0.0	8.522403643600198;0.0	8.854758681528358;0.0	8.929121664736615;0.0	8.94425099369239;0.0	
7.9529866237771;0.0	8.905293404394929;0.0	8.805280543588808;0.0	8.720804425000296;0.0	9.121068784389493;0.0	
8.733796554243005;0.0	8.743843147703105;0.0	8.801865351955351;0.0	8.93314393688656;0.0	8.876618866761245;0.0	
6.909986363518361;0.0	8.86489086506224;0.0	8.966404874175621;0.0	8.863233105800095;0.0	8.97933696711721;0.0	
8.440579673120705;0.0	8.81487336960592;0.0	8.963712795629409;0.0	8.870485097004313;0.0	9.04655579784102;0.0	
8.687653174831555;0.0	8.854911898811443;0.0	8.717208390645435;0.0	8.987148715505846;0.0	8.904438538479097;0.0	
7.7724270352429325;0.0	8.635702941802625;0.0	8.756356912229952;0.0	8.83326063634225;0.0	8.806090168162699;0.0	
7.791815217153877;0.0	8.869084060445871;0.0	8.605938705994939;0.0	8.999951670812443;0.0	9.145373659580258;0.0	
8.70522559493267;0.0	8.886364314211429;0.0	8.749392386131033;0.0	9.135014601106246;0.0	8.902555202448415;0.0	
7.470223587891656;0.0	8.802725156345764;0.0	8.78022537080353;0.0	8.819243075404378;0.0	8.998062597198677;0.0	
8.26945116415747;0.0	9.028835974194426;0.0	8.788141934174703;0.0	8.659966523054445;0.0	8.919865195155303;0.0	
8.313730034212583;0.0	8.810918381173135;0.0	8.943519627113243;0.0	8.77051233662625;0.0	8.843256997825286;0.0	
6.86164947177478;0.0	8.934080335402944;0.0	8.835599827692295;0.0	8.96524911934298;0.0	8.829037502620382;0.0	
7.363957394003763;0.0	8.79543731500963;0.0	8.606129314103065;0.0	8.96498527192795;0.0	9.004677080119595;0.0	
7.5094289177167575;0.0	8.652803421041254;0.0	8.650322586771878;0.0	8.790542404189937;0.0	9.088561812995234;0.0	
8.483027861514916;0.0	8.612556097492613;0.0	8.556132540955218;0.0	9.043461655707041;0.0	8.96188342361402;0.0	
8.11352776191882;0.0	8.852696851448876;0.0	9.13087449512167;0.0	8.856058862866382;0.0	8.89742611151149;0.0	
7.780669653830441;0.0	9.043775424567537;0.0	8.826445605006453;0.0	8.996231882672056;0.0	9.05733504089881;0.0	
6.923168376118059;0.0	9.199178188381397;0.0	8.830815193120293;0.0	9.098669175924407;0.0	8.993153442519946;0.0	
7.904654815258798;0.0	9.06174777262224;0.0	9.046164282027037;0.0	9.015058713195792;0.0	9.196546486652235;0.0	
5.960253028074372;0.0	8.634463303170852;0.0	8.787122147198508;0.0	8.67886719203579;0.0	9.13500560820946;0.0	
7.488509236085357;0.0	9.04906111184185;0.0	9.151962258512892;0.0	9.223139646464649;0.0	9.19708573924284;0.0	
7.735038026640981;0.0	9.078849709019675;0.0	9.157569469107267;0.0	9.18515668821762;0.0	8.957636487038974;0.0	
5.756804735402829;0.0	9.035098651191147;0.0	8.987699132726856;0.0	8.921396874984925;0.0	9.11339424637117;0.0	
7.400092019799417;0.0	9.214855088977977;0.0	9.186233228426387;0.0	9.17695792901663;0.0	9.078672136389667;0.0	
8.116212192299319;0.0	8.638275097120847;0.0	8.974081206396033;0.0	8.677733630152394;0.0	8.94446437299434;0.0	
8.831255631343769;0.0	9.419226713524251;0.0	9.030694254335858;0.0	8.76123002104624;0.0	8.959487416515445;0.0	
8.236380611277557;0.0	9.11132532824813;0.0	8.554429896891385;0.0	8.773705638819443;0.0	8.840491618370601;0.0	
7.417271486431321;0.0	8.820215075181038;0.0	8.81557294509169;0.0	8.70954958909335;0.0	8.949930640059925;0.0	
7.2551259152273895;0.0	9.015002055672774;0.0	8.43039636217814;0.0	8.399498385317695;0.0	8.424350439738266;0.0	
8.642321034182553;0.0	8.843796202170108;0.0	9.081055385402962;0.0	8.59740064715084;0.0	8.579727877707661;0.0	
7.906689031927659;0.0	8.64010107322165;0.0	8.64790210863384;0.0	8.74458082707015;0.0	8.8042280329885;0.0	
7.816336114635647;0.0	8.98044478893103;0.0	8.245192394931234;0.0	8.371960159929781;0.0	8.541249130478263;0.0	
7.847065920851258;0.0	8.88641013184316;0.0	9.080283315112206;0.0	8.864176685745255;0.0	9.120402595595452;0.0	
8.385032415844995;0.0	8.710028476504693;0.0	9.012621999563013;0.0	9.033883555782838;0.0	8.97120615548021;0.0	
8.175001001686407;0.0	8.700216778865215;0.0	8.80414639200867;0.0	8.678057204351312;0.0	8.948824751687122;0.0	
8.75690064053472;0.0	8.80328265774519;0.0	8.667884534516785;0.0	8.886858563907646;0.0	8.864075005963036;0.0	
7.993029459737991;0.0	8.755667667716907;0.0	9.476941407389448;0.0	8.920525408398502;0.0	8.78675255478587;0.0	
8.33024366091024;0.0	8.58568759952993;0.0	8.907520120624858;0.0	8.75662143919364;0.0	9.0410582946008;0.0	
8.435245941032829;0.0	9.190676771712022;0.0	8.945887622421353;0.0	8.88256415002892;0.0	8.936299479753448;0.0	
8.1876259550583;0.0	8.856445011058193;0.0	8.85241738218331;0.0	9.191094627902007;0.0	8.793616986727834;0.0	
8.096988638148177;0.0	8.969183381529666;0.0	8.592526320426582;0.0	8.936989814599626;0.0	8.976867473939867;0.0	
7.017221302187295;0.0	9.019430354601022;0.0	9.025577504455612;0.0	8.886918197799323;0.0	9.034927975297444;0.0	
8.870303517485436;0.0	9.017287333312362;0.0	8.845725182655247;0.0	8.811645646092098;0.0	8.995774993955509;0.0	
7.550880731803388;0.0	8.774897787799915;0.0	9.02821141131177;0.0	8.981068632532024;0.0	8.956813321610055;0.0	
8.343231378349298;0.0	8.676850512454031;0.0	8.900126672884985;0.0	8.980727253584323;0.0	8.838378863086186;0.0	
6.9025485357320635;0.0	9.09892482269532;0.0	8.647549878277122;0.0	8.78229440379387;0.0	8.785242165899879;0.0	
7.81091477721188;0.0	9.059628290282804;0.0	8.735115887774732;0.0	8.848710575444802;0.0	8.848130400231712;0.0	
7.4153848715084365;0.0	9.519939482355044;0.0	9.233837187473885;0.0	9.242738217777813;0.0	8.884663050929875;0.0	
8.919336394625038;0.0	9.037658062948186;0.0	9.24468018116326;0.0	8.91140522687434;0.0	8.909276940108883;0.0	
8.493411368333145;0.0	9.548778490390484;0.0	9.055747459194738;0.0	8.717867936965737;0.0	8.800409320477323;0.0	
7.131684296444686;0.0	8.966005688851507;0.0	8.8661630000057;0.0	8.91258726648419;0.0	9.160123092696027;0.0	
6.907766265651559;0.0	9.318789131075789;0.0	9.062544819427261;0.0	9.2259328628352;0.0	9.046460844362873;0.0	
7.458063458220882;0.0	9.020463185781358;0.0	9.047881022303056;0.0	8.578836357485931;0.0	8.91772735627712;0.0	
8.896458878529241;0.0	8.655272438882596;0.0	8.79156351199148;0.0	9.021375218230077;0.0	9.137000926347271;0.0	
7.68384919737702;0.0	8.88010493716759;0.0	8.86240000318086;0.0	8.824394877250025;0.0	9.000397120699262;0.0	
7.960667495277248;0.0	8.814903786032595;0.0	8.735373896221251;0.0	8.840319590547328;0.0	8.842337139411965;0.0	
8.336792836387641;0.0	8.86237249104915;0.0	8.734841487629925;0.0	8.979598900244463;0.0	8.96311778022998;0.0	
7.637979974359054;0.0	8.727305418490163;0.0	8.828515889169562;0.0	8.88358309323328;0.0	9.238230496392207;0.0	
8.587478347841607;0.0	9.089998587541853;0.0	8.710005738493251;0.0	8.63936431050713;0.0	8.884120671502423;0.0	
7.6975754209738385;0.0	9.629734800512667;0.0	9.519491582456643;0.0	8.94593543577155;0.0	8.92407754330816;0.0	
8.851406651839138;0.0	9.25946789555714;0.0	8.925547752626338;0.0	9.054154774439688;0.0	8.94699299574146;0.0	
